bank_name,The Commercial Bank (P.S.Q.C.)
branch_name,"Doha, State of Qatar"
statement_period_end_date,30-Dec-23
statement_period_start_date,11-Dec-23

transactions
balance,date,debit_amount,details,credit_amount
4589.49,11-Dec-23,113.0,CBQ PURCHASE 316019006429 4010006429 66773754 RED TAG DOHA 4342043503390022 11/12 22.07,
4478.49,13-Dec-23,111.0,NAPS PURCHASE 000001324019 4018 01312566660208 WOQOD ONIZA PS WEST BADOHA 4342043503390022 13/12 10.35 63409000000,
4648.49,13-Dec-23,,TRANSFER - CREDIT 130623L09145 Personal settlemet RAJITHA MADUSANKA PERERA WADDUWAGE,170.0
4429.23,13-Dec-23,219.26,CBQ PURCHASE 316418005925 4010 00592578372206 LULU HYPERMARKET DOHA 4342043503390022 13/12 21.51,
4262.23,14-Dec-23,167.0,CBQ PURCHASE 316420002274 4010 002274 66740953 TURKEY RESTAURANT DOHA 4342043503390022 14/12 23.28,
4202.23,18-Dec-23,60.0,VODAFONE-DIRECT DEBIT 160623160539 VF-Prepaid-DATA-77945416 230616011229452,
6702.23,30-Dec-23,,TRANSFER - CREDIT 270623L21038 Transfer From 4600386647001 MARK SHERWIN TABILI MARASIGAN,2500.0
6642.23,30-Dec-23,60.0,VODAFONE-DIRECT DEBIT 280623160984 VF-Prepaid-COMB-77945416 230628061823328,
6142.23,30-Dec-23,500.0,ATM CASH WITHDRAWAL 318012031075 4040 031075 COMM. BANK OF OATAR DOHA 4342043503390022 30/12 15.26,
