transactions
amount,balance,date,description,record_identifier
1.2,1597.65,23 Nov,Card Payment to Arriva Midlands LI On 21 Nov,128810645.0
1.3,1596.35,23 Nov,Card Payment to Centrebus On 21 Nov,
19.0,1577.35,24 Nov,Card Payment to Apple.Com/UK On 23 Nov,
140.0,1437.35,24 Nov,Bill Payment to Miss Z Qayyum Ref: Zainab,
260.0,1177.35,24 Nov,Bill Payment to Miss Z Qayyum Ref: Zainab,
650.0,527.35,24 Nov,Bill Payment to Miss Z Qayyum Ref: Zainab,
19.0,508.35,25 Nov,Card Payment to Apple.Com/UK On 24 Nov,
500.25,8.1,25 Nov,Card Payment to Www.Creationcf.Com On 24 Nov,
19.0,27.1,25 Nov,Refund From Apple.Com/UK On 24 Nov,
