account_holder_address,"1,FAKRI BUILDING 407
1,SATWA DXB, POST BOX407,
DUBAI.UNITED ARAB EMIRATES"
account_holder_name,MR MOHAMMED RAZAK
account_number,1015871877902
bank_name,Emirates NBD
branch_name,"Sahara Branch, Dubai, UAE"
statement_date,2024-08-10
statement_period_end_date,10/08/2024
statement_period_start_date,01/02/2024

transactions
balance,credit_amount,date,debit_amount,details
25423.15,0.0,28-02-2024,200.0,UAE SWITCH WDL 000000000004282 28-02-2024 07:48:23 SHARJAH AE N40000404
25356.15,0.0,03-03-2024,67.0,POS-PURCHASE CARD ΝΟ. 4439110143664282 VIVA DUBAI: AE140723 03-03-2024 12.04
25256.15,0.0,05-03-2024,100.0,DR ATM TRANSACTION CARD NO.4439110143664282 5793 05-03-2024 12:10:18 E4010774
25206.15,0.0,08-03-2024,50.0,POS-PURCHASE CARD ΝΟ. 4439110143664282 REDSPRINGS ROSE CATERING ABU DHABI:AE
25006.15,0.0,11-03-2024,200.0,DR ATM TRANSACTION CARD ΝΟ.4439110143664282 5113 11-03-2024 09:24:45 E406879
25004.15,0.0,12-03-2024,2.0,SERVICE CHGS-ATM CARD ΝΟ. 498779XXXXXXX1396 000000000009578 12-03-2024 09:30
24870.48,0.0,15-03-2024,133.67,POS-PURCHASE CARD ΝΟ. 4439110143664282 TABAQ ALHEJAZI AL RAQI RE SHARAJAH
24470.48,0.0,18-03-2024,400.0,DR ATM TRANSACTION CARD ΝΟ.4439110143664282 5849 18-03-2024 10:45:52 E4010774
24320.48,0.0,19-03-2024,150.0,BANKNET PYMT-TEL ETISALAT ΝΟ: -067460948 TXNID- 0004378682657889859 BNK
24220.48,0.0,21-03-2024,100.0,DR ATM TRANSACTION CARD NO.4439110143664282 6613 21-03-2024 09:24:45 E4010857
